101 1 1 0 1 1 1 1 0 1
102 1 1 0 1 1 1 0 1 0
103 1 1 0 1 1 1 1 0 0
104 1 1 0 1 1 1 1 1 1
105 2 2 0 1 1 1 0 0 0
106 2 2 0 1 1 1 1 1 1
107 2 2 0 1 1 1 1 0 0
108 2 2 0 1 1 1 1 1 0
109 3 4 0 1 1 1 0 0 0
110 3 4 0 1 1 1 1 1 1
201 1 1 0 0 0 1 1 0 0
202 1 1 0 0 0 1 0 0 0
203 1 1 0 0 0 1 1 1 1
204 1 1 0 0 0 1 0 1 0
205 2 2 0 0 0 1 1 1 0
206 2 2 1 0 0 1 0 1 1
207 2 2 1 0 0 1 1 1 0
208 2 2 1 0 0 1 0 1 1
209 3 5 1 0 0 1 1 1 0
210 3 4 1 0 0 1 0 1 0
301 1 1 0 0 1 1 1 1 1
302 1 1 0 0 1 1 0 0 1
303 1 1 0 0 1 1 1 0 1
304 1 1 0 0 1 1 1 0 1
305 2 2 0 0 1 1 0 0 1
306 2 2 1 0 1 0 1 0 1
307 2 2 1 0 1 0 0 0 0
308 2 2 1 0 1 0 1 1 0
309 3 5 1 0 1 0 1 0 1
310 3 5 1 0 1 0 0 0 1
401 1 1 0 1 1 0 1 0 0
402 1 1 0 1 1 0 1 0 0
403 1 1 0 1 1 0 0 0 1
404 1 1 0 1 1 0 0 1 0
405 2 2 0 1 1 0 0 1 1
406 2 2 1 1 1 0 1 1 0
407 2 2 1 1 1 0 1 0 0
408 2 2 1 1 1 0 1 1 1
409 3 5 1 1 1 0 1 0 0
410 3 4 1 1 1 0 1 1 0
501 1 1 1 0 0 0 1 1 0
502 1 1 1 0 0 0 0 0 1
503 1 1 1 0 0 0 0 0 1
504 1 1 1 0 0 0 0 1 0
505 2 2 1 0 0 0 1 0 0
506 2 2 1 0 0 0 0 1 0
507 2 2 1 0 0 0 0 0 1
508 2 2 1 0 0 0 0 1 0
509 3 4 1 0 0 0 1 0 1
510 3 4 1 0 0 0 1 1 1
