101 1 0 1 0 0 0 0 0
102 1 1 1 0 0 0 0 0
103 1 1 1 0 0 0 0 0
104 1 1 1 1 0 0 0 0
105 1 1 1 1 1 0 0 0
106 1 1 1 1 1 1 0 0
107 1 1 1 1 1 1 1 0
108 1 1 1 1 1 1 1 1
109 1 1 1 1 0 1 0 1
110 1 0 1 0 1 1 1 1
201 2 0 2 0 0 0 0 0
202 2 1 2 1 0 1 0 1
203 2 1 2 1 1 1 1 1
204 2 0 2 0 0 1 0 1
205 2 0 2 0 0 1 1 1
206 2 1 3 1 1 1 0 1
207 2 1 3 0 0 1 1 1
208 2 1 3 0 1 0 0 1
209 2 1 3 0 0 1 1 1
210 2 1 3 0 0 1 0 1
301 3 0 4 0 1 1 1 1
302 3 0 4 1 1 1 1 0
303 3 1 4 1 1 1 0 0
304 3 0 4 0 0 0 0 0
305 3 0 4 0 1 1 0 0
306 3 0 5 0 0 0 1 0
307 3 1 5 0 1 0 0 0
308 3 1 5 0 0 0 0 1
309 3 1 5 0 1 0 1 0
310 3 1 5 0 1 0 0 0
401 1 0 1 0 0 0 1 0
402 1 0 1 1 1 0 1 0
403 1 0 1 O 1 0 0 0
404 1 0 1 1 1 0 0 1
405 1 0 1 1 1 0 0 1
406 1 1 1 1 1 0 1 1
407 2 1 2 1 1 1 1 0
408 2 1 2 1 1 0 1 1
409 2 1 3 1 1 0 1 0
410 2 1 3 1 1 0 1 1
501 2 1 3 0 0 0 1 1
502 2 1 3 0 0 0 0 0
503 2 1 2 0 0 0 0 0
504 2 1 2 0 0 0 0 1
505 2 1 2 0 0 0 1 0
506 3 1 4 0 0 0 0 1
507 3 1 4 0 0 0 0 0
508 3 1 5 1 1 1 0 0
509 3 1 5 1 1 1 1 0
510 3 1 5 1 1 1 1 1
